TERM alacritty
TERM xterm-256color

NORMAL 00;38;5;252
FILE 00
DIR 38;2;138;190;183
LINK 38;5;248
MULTIHARDLINK 00
FIFO 40;33
SOCK 01;35
DOOR 01;35
BLK 01;33
CHR 01;33
ORPHAN 40;31
MISSING 00
SETUID 37;41
SETGID 30;43
CAPABILITY 30;41
STICKY_OTHER_WRITABLE 30;42
OTHER_WRITABLE 34;42
STICKY 37;44
EXEC 38;2;182;189;104

*.tar 38;2;222;148;95
*.tgz 38;2;222;148;95
*.arc 38;2;222;148;95
*.arj 38;2;222;148;95
*.taz 38;2;222;148;95
*.lha 38;2;222;148;95
*.lz4 38;2;222;148;95
*.lzh 38;2;222;148;95
*.lzma 38;2;222;148;95
*.tlz 38;2;222;148;95
*.txz 38;2;222;148;95
*.zip 38;2;222;148;95
*.z    38;2;222;148;95
*.Z    38;2;222;148;95
*.dz   38;2;222;148;95
*.gz   38;2;222;148;95
*.lz   38;2;222;148;95
*.xz   38;2;222;148;95
*.bz2  38;2;222;148;95
*.bz   38;2;222;148;95
*.tbz  38;2;222;148;95
*.tbz2 38;2;222;148;95
*.tz   38;2;222;148;95
*.deb  38;2;222;148;95
*.rpm  38;2;222;148;95
*.jar  38;2;222;148;95
*.war  38;2;222;148;95
*.ear  38;2;222;148;95
*.sar  38;2;222;148;95
*.rar  38;2;222;148;95
*.alz  38;2;222;148;95
*.ace  38;2;222;148;95
*.zoo  38;2;222;148;95
*.cpio 38;2;222;148;95
*.7z   38;2;222;148;95
*.rz   38;2;222;148;95

*.jpg  38;2;222;148;95
*.jpeg 38;2;222;148;95
*.gif  38;2;222;148;95
*.bmp  38;2;222;148;95
*.pbm  38;2;222;148;95
*.pgm  38;2;222;148;95
*.ppm  38;2;222;148;95
*.tga  38;2;222;148;95
*.xbm  38;2;222;148;95
*.xpm  38;2;222;148;95
*.tif  38;2;222;148;95
*.tiff 38;2;222;148;95
*.png  38;2;222;148;95
*.svg  38;2;222;148;95
*.svgz 38;2;222;148;95
*.mng  38;2;222;148;95
*.pcx  38;2;222;148;95
*.mov  38;2;222;148;95
*.mpg  38;2;222;148;95
*.mpeg 38;2;222;148;95
*.mkv  38;2;222;148;95
*.webm 38;2;222;148;95
*.webp 38;2;222;148;95
*.mp4  38;2;222;148;95
*.wmv  38;2;222;148;95
*.flv  38;2;222;148;95

*.aac  38;2;222;148;95
*.au   38;2;222;148;95
*.flac 38;2;222;148;95
*.mid  38;2;222;148;95
*.midi 38;2;222;148;95
*.mp3  38;2;222;148;95
*.ogg  38;2;222;148;95
*.wav  38;2;222;148;95

*.lnk 01;38;5;131
ORPHAN 01;38;5;131
MISSING 01;38;5;131
